#FIG 3.2
Landscape
Center
Inches
Letter  
100.00
Single
-2
1200 2
6 1200 975 12900 7500
6 7800 3300 8400 4500
6 7800 3300 8400 4500
2 1 0 1 0 7 50 0 -1 0.000 0 0 -1 0 0 2
	 8400 3900 7800 3900
2 2 0 1 0 7 50 0 -1 0.000 0 0 -1 0 0 5
	 8400 3300 8400 4500 7800 4500 7800 3300 8400 3300
-6
-6
6 7800 2400 9000 3000
6 7800 2400 9000 3000
2 1 0 1 0 7 50 0 -1 0.000 0 0 -1 0 0 2
	 8400 2400 8400 3000
2 2 0 1 0 7 50 0 -1 0.000 0 0 -1 0 0 5
	 7800 2400 9000 2400 9000 3000 7800 3000 7800 2400
-6
-6
6 8700 3300 9900 3900
6 8700 3300 9900 3900
6 8700 3300 9900 3900
2 1 0 1 0 7 50 0 -1 0.000 0 0 -1 0 0 2
	 9300 3300 9300 3900
2 2 0 1 0 7 50 0 -1 0.000 0 0 -1 0 0 5
	 8700 3300 9900 3300 9900 3900 8700 3900 8700 3300
-6
4 1 0 50 0 14 18 0.0000 4 120 165 9000 3675 a\001
4 1 0 50 0 14 18 0.0000 4 165 330 9600 3675 11\001
-6
-6
6 8700 4800 9900 5400
6 8700 4800 9900 5400
6 8700 4800 9900 5400
2 1 0 1 0 7 50 0 -1 0.000 0 0 -1 0 0 2
	 9300 4800 9300 5400
2 2 0 1 0 7 50 0 -1 0.000 0 0 -1 0 0 5
	 8700 4800 9900 4800 9900 5400 8700 5400 8700 4800
-6
4 1 0 50 0 14 18 0.0000 4 165 165 9000 5175 b\001
4 1 0 50 0 14 18 0.0000 4 165 330 9600 5175 42\001
-6
-6
6 10800 2400 12000 3000
2 1 0 1 0 7 50 0 -1 0.000 0 0 -1 0 0 2
	 11400 2400 11400 3000
2 2 0 1 0 7 50 0 -1 0.000 0 0 -1 0 0 5
	 10800 2400 12000 2400 12000 3000 10800 3000 10800 2400
-6
6 10800 3300 11400 4500
6 10800 3300 11400 4500
2 1 0 1 0 7 50 0 -1 0.000 0 0 -1 0 0 2
	 11400 3900 10800 3900
2 2 0 1 0 7 50 0 -1 0.000 0 0 -1 0 0 5
	 11400 3300 11400 4500 10800 4500 10800 3300 11400 3300
-6
-6
6 10800 4800 11400 6000
6 10800 4800 11400 6000
2 1 0 1 0 7 50 0 -1 0.000 0 0 -1 0 0 2
	 11400 5400 10800 5400
2 2 0 1 0 7 50 0 -1 0.000 0 0 -1 0 0 5
	 11400 4800 11400 6000 10800 6000 10800 4800 11400 4800
-6
-6
6 11700 3300 12900 3900
6 11700 3300 12900 3900
2 1 0 1 0 7 50 0 -1 0.000 0 0 -1 0 0 2
	 12300 3300 12300 3900
2 2 0 1 0 7 50 0 -1 0.000 0 0 -1 0 0 5
	 11700 3300 12900 3300 12900 3900 11700 3900 11700 3300
-6
4 1 0 50 0 14 18 0.0000 4 120 165 12000 3675 c\001
4 1 0 50 0 14 18 0.0000 4 165 165 12600 3675 3\001
-6
6 11700 4800 12900 5400
6 11700 4800 12900 5400
2 1 0 1 0 7 50 0 -1 0.000 0 0 -1 0 0 2
	 12300 4800 12300 5400
2 2 0 1 0 7 50 0 -1 0.000 0 0 -1 0 0 5
	 11700 4800 12900 4800 12900 5400 11700 5400 11700 4800
-6
4 1 0 50 0 14 18 0.0000 4 165 165 12000 5175 d\001
4 1 0 50 0 14 18 0.0000 4 165 165 12600 5175 4\001
-6
6 11700 6300 12900 6900
6 11700 6300 12900 6900
2 1 0 1 0 7 50 0 -1 0.000 0 0 -1 0 0 2
	 12300 6300 12300 6900
2 2 0 1 0 7 50 0 -1 0.000 0 0 -1 0 0 5
	 11700 6300 12900 6300 12900 6900 11700 6900 11700 6300
-6
4 1 0 50 0 14 18 0.0000 4 120 165 12000 6675 e\001
4 1 0 50 0 14 18 0.0000 4 165 165 12600 6675 5\001
-6
6 7800 4800 8400 6000
2 1 0 1 0 7 50 0 -1 0.000 0 0 -1 0 0 2
	 8400 5400 7800 5400
2 2 0 1 0 7 50 0 -1 0.000 0 0 -1 0 0 5
	 8400 4800 8400 6000 7800 6000 7800 4800 8400 4800
2 1 0 1 0 7 50 0 -1 0.000 0 0 -1 0 0 2
	 8400 5400 7800 6000
-6
6 10800 6300 11400 7500
2 1 0 1 0 7 50 0 -1 0.000 0 0 -1 0 0 2
	 11400 6900 10800 6900
2 2 0 1 0 7 50 0 -1 0.000 0 0 -1 0 0 5
	 11400 6300 11400 7500 10800 7500 10800 6300 11400 6300
2 1 0 1 0 7 50 0 -1 0.000 0 0 -1 0 0 2
	 11400 6900 10800 7500
-6
6 4800 2400 6000 3000
2 1 0 1 0 7 50 0 -1 0.000 0 0 -1 0 0 2
	 5400 2400 5400 3000
2 2 0 1 0 7 50 0 -1 0.000 0 0 -1 0 0 5
	 4800 2400 6000 2400 6000 3000 4800 3000 4800 2400
-6
6 4800 3300 5400 4500
6 4800 3300 5400 4500
2 1 0 1 0 7 50 0 -1 0.000 0 0 -1 0 0 2
	 5400 3900 4800 3900
2 2 0 1 0 7 50 0 -1 0.000 0 0 -1 0 0 5
	 5400 3300 5400 4500 4800 4500 4800 3300 5400 3300
-6
-6
6 4800 4800 5400 6000
6 4800 4800 5400 6000
2 1 0 1 0 7 50 0 -1 0.000 0 0 -1 0 0 2
	 5400 5400 4800 5400
2 2 0 1 0 7 50 0 -1 0.000 0 0 -1 0 0 5
	 5400 4800 5400 6000 4800 6000 4800 4800 5400 4800
-6
-6
6 5700 3300 6900 3900
6 5700 3300 6900 3900
2 1 0 1 0 7 50 0 -1 0.000 0 0 -1 0 0 2
	 6300 3300 6300 3900
2 2 0 1 0 7 50 0 -1 0.000 0 0 -1 0 0 5
	 5700 3300 6900 3300 6900 3900 5700 3900 5700 3300
-6
4 1 0 50 0 14 18 0.0000 4 120 165 6000 3675 c\001
4 1 0 50 0 14 18 0.0000 4 165 165 6600 3675 3\001
-6
6 5700 4800 6900 5400
6 5700 4800 6900 5400
2 1 0 1 0 7 50 0 -1 0.000 0 0 -1 0 0 2
	 6300 4800 6300 5400
2 2 0 1 0 7 50 0 -1 0.000 0 0 -1 0 0 5
	 5700 4800 6900 4800 6900 5400 5700 5400 5700 4800
-6
4 1 0 50 0 14 18 0.0000 4 165 165 6000 5175 d\001
4 1 0 50 0 14 18 0.0000 4 165 165 6600 5175 4\001
-6
6 5700 6300 6900 6900
6 5700 6300 6900 6900
2 1 0 1 0 7 50 0 -1 0.000 0 0 -1 0 0 2
	 6300 6300 6300 6900
2 2 0 1 0 7 50 0 -1 0.000 0 0 -1 0 0 5
	 5700 6300 6900 6300 6900 6900 5700 6900 5700 6300
-6
4 1 0 50 0 14 18 0.0000 4 120 165 6000 6675 e\001
4 1 0 50 0 14 18 0.0000 4 165 165 6600 6675 5\001
-6
6 4800 6300 5400 7500
2 1 0 1 0 7 50 0 -1 0.000 0 0 -1 0 0 2
	 5400 6900 4800 6900
2 2 0 1 0 7 50 0 -1 0.000 0 0 -1 0 0 5
	 5400 6300 5400 7500 4800 7500 4800 6300 5400 6300
2 1 0 1 0 7 50 0 -1 0.000 0 0 -1 0 0 2
	 5400 6900 4800 7500
-6
2 1 0 1 0 7 50 0 -1 0.000 0 0 -1 1 0 2
	1 1 1.00 60.00 120.00
	 8700 2700 10800 2700
2 1 0 1 0 7 50 0 -1 0.000 0 0 -1 1 0 2
	1 1 1.00 60.00 120.00
	 8100 3600 8700 3600
2 1 0 1 0 7 50 0 -1 0.000 0 0 -1 1 0 2
	1 1 1.00 60.00 120.00
	 8100 4200 8100 4800
2 1 0 1 0 7 50 0 -1 0.000 0 0 -1 1 0 2
	1 1 1.00 60.00 120.00
	 8100 5100 8700 5100
2 1 0 1 0 7 50 0 -1 0.000 0 0 -1 1 0 2
	1 1 1.00 60.00 120.00
	 8100 2700 8100 3300
2 1 0 1 0 7 50 0 -1 0.000 0 0 -1 1 0 2
	1 1 1.00 60.00 120.00
	 11100 2700 11100 3300
2 1 0 1 0 7 50 0 -1 0.000 0 0 -1 1 0 2
	1 1 1.00 60.00 120.00
	 11100 3600 11700 3600
2 1 0 1 0 7 50 0 -1 0.000 0 0 -1 1 0 2
	1 1 1.00 60.00 120.00
	 11100 4200 11100 4800
2 1 0 1 0 7 50 0 -1 0.000 0 0 -1 1 0 2
	1 1 1.00 60.00 120.00
	 11100 5700 11100 6300
2 1 0 1 0 7 50 0 -1 0.000 0 0 -1 1 0 2
	1 1 1.00 60.00 120.00
	 11100 5100 11700 5100
2 1 0 1 0 7 50 0 -1 0.000 0 0 -1 1 0 2
	1 1 1.00 60.00 120.00
	 11100 6600 11700 6600
2 1 0 1 0 7 50 0 -1 0.000 0 0 -1 0 0 2
	 12000 2400 11400 3000
2 1 0 1 0 7 50 0 -1 0.000 0 0 -1 1 0 2
	1 1 1.00 60.00 120.00
	 5100 2700 5100 3300
2 1 0 1 0 7 50 0 -1 0.000 0 0 -1 1 0 2
	1 1 1.00 60.00 120.00
	 5100 3600 5700 3600
2 1 0 1 0 7 50 0 -1 0.000 0 0 -1 1 0 2
	1 1 1.00 60.00 120.00
	 5100 4200 5100 4800
2 1 0 1 0 7 50 0 -1 0.000 0 0 -1 1 0 2
	1 1 1.00 60.00 120.00
	 5100 5700 5100 6300
2 1 0 1 0 7 50 0 -1 0.000 0 0 -1 1 0 2
	1 1 1.00 60.00 120.00
	 5100 5100 5700 5100
2 1 0 1 0 7 50 0 -1 0.000 0 0 -1 1 0 2
	1 1 1.00 60.00 120.00
	 5100 6600 5700 6600
2 1 0 1 0 7 50 0 -1 0.000 0 0 -1 0 0 2
	 6000 2400 5400 3000
4 0 0 50 0 14 18 0.0000 4 225 1815 1200 1200 (empty-env)\001
4 0 0 50 0 14 18 0.0000 4 210 1815 3600 1200 (extend-env\001
4 0 0 50 0 14 18 0.0000 4 225 2310 3600 1800   (empty-env))\001
4 0 0 50 0 14 18 0.0000 4 210 3135 3600 1500   '(c d e) '(3 4 5)\001
4 0 0 50 0 14 18 0.0000 4 210 1815 7200 1200 (extend-env\001
4 0 0 50 0 14 18 0.0000 4 210 2805 7200 1500   '(a b) '(11 42)\001
4 0 0 50 0 14 18 0.0000 4 210 990 7200 1800   cde)\001
4 0 0 50 0 14 18 0.0000 4 135 495 7200 2775 => \001
4 0 0 50 0 14 18 0.0000 4 210 660 1200 2775 =>()\001
4 0 0 50 0 14 18 0.0000 4 165 1155 3600 2775 cde => \001
-6
